509 1814
2215 1666
766 1063
53 3081
2908 2797
2818 2151
2270 2745
2976 470
3282 165
1445 272
1573 1354
1308 3081
3009 1286
12 1176
2872 48
2534 2657
554 3417
3435 2040
108 204
1471 3116
632 769
3086 3124
2723 2582
1749 1000
2104 1123
2544 2235
2383 2849
979 2977
1425 2771
3004 2630
1122 1851
604 1231
31 1592
3271 3439
3411 2901
2556 1158
2526 2769
3336 851
246 2985
3481 3389
860 1763
2372 1045
2225 1659
822 2897
2120 3092
3231 604
1220 2511
1224 531
401 2612
932 1704
2783 450
1207 1408
681 3245
2421 2767
1194 3336
796 1017
1518 796
502 1204
84 3378
2600 2924
2246 1107
3424 2669
2568 2909
462 2978
1163 3416
719 114
2793 908
293 2746
2070 2000
251 2711
1461 2817
1097 3000
806 302
2697 2796
1007 1006
2111 3489
248 2702
2435 1864
1102 2013
1869 3452
3254 3185
1211 1988
886 1400
646 2757
603 2744
820 1929
1858 1256
154 591
189 693
1148 255
449 1121
2368 2267
2801 2193
2033 3374
2729 3471
2372 815
868 2122
2290 1296
1716 3283
826 2058
662 1432
1633 2100
1414 223
397 659
580 3036
2138 3307
2621 1695
2921 2061
169 2354
3365 2965
3463 2737
2063 660
2753 2236
1483 469
2754 3144
77 2756
416 2386
3407 546
2111 19
2107 21
2757 3492
2008 3037
2879 2205
2785 3387
112 77
2163 3477
2539 748
665 970
2291 58
2219 1863
2014 784
1362 1617
1848 3445
189 1419
1852 790
256 493
2160 118
241 170
1913 1427
3472 1818
703 1568
1235 183
1488 3081
2751 81
725 1253
1359 908
2212 794
3386 2138
2018 2905
253 2381
1801 633
404 3329
564 420
2563 3438
2386 3101
2753 1886
2000 2636
3120 2447
1765 2873
1747 1837
992 926
2143 2070
2164 2542
2707 1786
581 920
514 1595
341 2432
231 41
2434 1651
1677 573
822 3143
226 1767
1947 1709
2329 2601
2924 2198
894 2203
1031 2553
2049 1459
708 3371
290 1776
2477 453
1884 145
2209 3022
3097 3446
3260 2711
1728 2371
1072 3065
804 2982
1364 3177
2744 1331
368 2710
1095 669
943 1233
2728 1746
856 737
906 3011
155 586
2446 385
586 2594
3171 815
3402 2007
1240 3460
2573 1555
2703 271
1775 3463
2071 2608
529 2589
1303 2423
291 2708
2069 1727
747 1121
967 1812
3254 3322
257 558
2413 27
3348 2071
2720 3172
3190 328
2707 2216
235 1608
3216 3388
3244 1465
1009 227
2337 1720
2304 2535
386 1402
294 2835
1312 615
492 1333
1055 2828
2114 1179
2738 52
3219 1511
2720 2211
2052 642
3152 1434
2088 2206
45 1839
3036 2264
2376 2741
2913 450
3017 2577
2427 35
2021 129
100 3050
1145 1427
2691 1744
493 1628
1982 2868
2767 2959
1070 3313
684 2149
1408 156
221 361
2190 1825
1865 808
2440 3378
3020 742
46 3479
675 1968
8 1369
3469 2356
1673 1602
32 307
973 2768
444 1823
2247 3412
377 1965
1136 1077
3115 1632
3105 2267
1383 1989
685 116
1773 2189
3359 2898
1225 2626
2496 1261
2225 745
3178 2784
2896 2349
2441 2014
2086 1636
2441 163
2426 1323
1652 3409
549 794
2234 2666
205 1510
3470 2603
1502 1331
2447 716
2529 1471
2850 2281
186 1143
992 1080
2218 2195
1582 226
3170 771
1683 350
3165 2074
1091 1197
1815 108
3360 302
1854 3225
3384 1474
2642 2830
2132 1406
1879 95
32 1130
1546 245
2082 2202
3118 2324
2264 1057
2176 2840
36 1631
1066 2990
743 724
3475 2669
1949 3334
3211 2488
1515 1556
2490 2884
2800 965
3352 2637
2868 588
2863 863
3155 2506
1077 1940
236 187
3346 3162
370 3141
661 2485
373 1155
167 1885
57 2864
1685 2394
2845 682
1392 1165
3192 3164
3414 1947
846 2645
127 2384
3311 60
3368 2123
2231 1714
3083 1417
585 3225
216 738
280 22
709 343
1857 1916
2917 2932
1752 2197
1072 2532
3477 2671
1002 1794
1243 2714
3424 11
46 2704
2224 2921
821 111
432 2685
2481 1202
1438 1557
781 1263
1924 644
726 629
367 1311
1244 1036
236 64
2419 1259
1498 132
3202 904
266 533
2688 784
1756 3316
704 1243
1642 1126
2310 1093
1054 2676
3429 527
2162 749
1683 960
236 117
2325 184
2816 22
1849 2032
1820 2354
3239 2313
2786 102
46 2818
2257 2356
1976 2499
1182 1547
2316 2488
1930 2271
297 2734
2043 1584
1967 2954
1428 1021
1402 680
2988 2706
2766 1563
2807 1840
2752 2617
1322 497
2754 2688
1037 510
709 3385
2638 2906
821 2824
1580 3472
3203 2367
2296 670
755 3386
2565 317
1932 2497
1327 3047
3034 1669
3425 2517
971 496
1057 1413
1969 66
1946 799
3406 1116
697 1088
3475 672
1814 3439
1078 288
2284 2141
1422 3403
736 684
722 2639
1003 234
2910 3439
2064 2918
2597 2059
1982 3054
508 165
1237 2181
110 1936
3142 134
1047 897
1260 2733
2350 328
3434 495
585 792
1158 2352
2913 3368
2163 649
2327 3037
1375 2776
1029 2193
1204 3033
2217 1694
3264 1257
2217 428
2195 1570
1917 1093
337 385
397 1587
2011 2279
1603 325
699 2834
2832 2837
2356 560
2676 2333
1800 3343
113 2650
1781 491
1311 1220
2466 918
2771 2961
1657 2357
1403 2905
2691 160
2653 796
2553 860
669 489
3288 1089
3134 2295
2977 78
2102 2897
2457 2396
1666 2928
3290 2243
2101 1408
450 3489
480 2697
1894 1896
1323 2695
2493 1067
3300 1222
625 714
2168 3030
75 1805
2922 1284
1940 993
91 2518
2671 2369
2916 1469
69 2143
1851 2537
208 2457
1843 2059
3088 3205
1508 3019
392 2641
724 1499
2330 163
2663 305
2541 3061
2609 2665
3467 1581
2755 2260
2038 117
1334 2337
689 2085
3001 3101
2364 2022
710 747
3137 3054
1637 3357
337 632
2163 1865
3302 2987
2197 909
3332 3416
1179 3353
1154 2347
1165 1855
805 3069
1157 2694
1630 3260
154 3452
2741 2728
3255 2207
207 936
3491 2468
1778 3320
3319 689
389 2132
1508 890
2647 173
1539 1144
2160 3138
21 2613
2576 229
12 1698
462 2818
735 2450
2882 2172
2523 2112
1625 1940
1547 2980
1629 362
199 2135
156 2547
1489 3284
990 839
1655 428
3147 1870
246 734
2514 1977
1173 73
3351 2630
1142 2515
3164 1512
1901 260
2442 3004
2677 2512
222 1798
1361 2705
1281 1149
1840 341
725 32
2435 2044
1353 2902
1922 1785
1423 2413
2479 719
1733 2999
2564 1377
154 1362
556 1269
1663 3454
1257 297
550 810
2097 2340
1336 3203
63 1092
1775 1160
1151 1990
1629 1176
2704 2646
2330 2971
646 72
2154 1734
275 2468
827 1020
3195 1750
526 1975
1779 1400
695 190
904 2578
63 64
2381 1430
1915 3291
346 2185
3293 1216
3299 610
3017 2712
3286 2949
2440 2080
3196 2900
1063 1359
137 3390
2173 20
1437 1020
2961 3101
1809 1708
2809 2175
164 1005
2456 2508
747 1020
1097 2490
606 719
1279 919
1152 273
1857 606
1024 1181
3121 421
266 1726
1974 479
1151 1479
2060 1893
1188 1658
3308 3089
3018 91
3305 1614
1674 1215
3458 171
2433 1629
2111 1554
1345 2214
1478 350
3069 537
107 3451
547 2361
2203 2127
3390 1653
2026 2013
981 2783
2642 3291
29 3387
1228 1219
567 85
384 1272
2586 437
2462 1880
1500 1381
1925 2564
2419 3065
2079 1266
913 1390
1962 1672
1234 3149
12 610
1372 742
510 2059
306 2420
508 1228
3151 673
1136 264
1633 3225
1735 679
1744 2932
2030 1011
2865 1782
155 3230
1023 2881
863 3490
1212 2178
1917 341
42 2054
3029 44
2774 2307
3283 3355
1422 195
2401 1429
689 2312
1803 0
1410 45
1585 2207
1599 2446
1514 2808
3410 351
2685 2979
2498 2014
3131 767
825 2346
2560 488
1550 1043
2106 3105
319 2682
2386 1955
1913 2125
1717 1576
646 1692
1691 2370
3478 1782
726 1055
2175 2092
2846 2728
1305 82
1460 179
127 2638
2953 790
2970 2461
746 42
2104 2925
2003 557
1670 2584
3335 3225
744 3100
1221 733
199 260
278 3467
1258 1623
2963 3287
2988 106
151 2369
1548 2610
1507 2973
1052 2629
436 2653
3189 2022
748 677
1120 2848
1038 651
796 1303
1015 480
776 1437
2090 2127
1405 2261
3370 1750
3099 1779
352 3277
1645 3438
641 1667
1165 1127
2265 1680
