1554 38
1034 230
1319 62
417 1782
1269 140
1739 542
1108 1293
1686 113
1142 593
1560 990
1455 180
1040 147
842 104
265 1366
672 769
879 376
1617 869
711 1417
1681 1211
539 1116
575 221
1313 439
1025 1165
587 1285
1207 1168
1439 1708
1687 1712
1448 407
604 74
1401 1577
389 887
1418 1163
1017 627
1286 1759
1679 429
425 764
479 802
100 332
1087 192
882 1168
1655 431
129 71
306 1303
1216 1096
422 1764
707 369
1711 826
1692 648
1400 1104
1775 669
1661 411
902 475
1127 1748
1387 1649
1476 619
615 1506
646 1404
1290 409
732 655
656 856
1498 1044
1276 1208
641 81
632 436
1757 278
1604 1748
1565 576
1144 299
1213 1274
107 851
110 1473
953 119
619 1263
226 1241
1022 1442
782 688
1300 796
942 278
977 996
819 827
431 235
1485 1424
564 497
1486 496
1722 908
340 1595
1248 1354
1346 43
382 1221
135 59
1485 351
1 888
720 1662
925 1211
983 1752
1069 1471
1614 1014
88 465
913 1235
1752 453
3 1635
1515 764
558 501
1690 609
1648 36
1659 1369
520 1080
1747 973
938 1571
963 1365
625 1015
33 354
1260 1318
1005 179
653 747
1662 1475
1042 380
657 585
821 979
129 121
1197 984
802 689
1617 859
928 17
243 85
398 1708
162 185
1368 1766
1322 283
252 155
1575 135
1015 178
427 663
92 1522
903 1673
1645 228
603 1668
1070 1579
1166 612
666 99
1358 1118
386 1754
1599 579
379 1669
352 906
464 461
749 1192
284 1063
1156 707
273 347
779 418
354 901
48 1784
1685 543
749 298
610 1590
701 205
1430 516
374 165
1270 582
1195 361
514 1095
1173 1152
339 1732
477 1174
1789 1222
216 500
1455 20
733 1650
691 1585
108 24
1143 1381
1635 1400
227 882
393 1417
719 1212
223 1313
1015 262
582 1259
1437 1762
989 1713
1710 1551
1371 417
1415 179
161 1372
155 1577
482 1562
899 462
1106 405
1087 1188
823 1532
95 1486
847 1300
1038 868
906 1789
837 1089
1075 433
573 1668
1289 1185
60 280
382 1636
1668 961
1001 436
753 26
1005 657
31 501
624 399
1601 620
381 963
140 1413
1650 334
322 1304
956 5
1728 1185
782 645
1484 707
885 15
950 100
1586 959
1482 1549
1471 1060
564 713
153 1725
1255 984
977 1278
305 584
1735 810
309 1209
910 1473
1473 309
612 139
1710 1439
623 1018
451 434
384 1423
2 117
1103 1682
981 28
1134 225
632 824
912 843
1067 864
49 949
1163 1684
1593 464
288 1751
737 260
799 1472
579 812
119 40
186 1787
1434 575
124 526
1117 1073
1355 286
961 154
1511 732
314 1318
1662 130
1673 1447
1486 201
1436 532
1192 1219
408 825
50 837
1483 641
141 1013
1080 1271
969 223
629 459
611 253
71 1256
1185 90
1778 938
974 308
774 1419
1509 1625
1550 1163
1121 1240
1609 572
732 1587
375 1399
455 1788
1672 43
1587 393
1293 1032
316 723
246 1722
1765 637
1599 296
1491 1149
206 971
1289 192
545 1237
1482 222
354 440
474 1704
796 714
57 1308
1713 900
334 1072
789 836
1264 1728
1012 614
1203 892
1627 1054
979 1659
828 711
400 215
1365 172
1508 1028
12 939
196 1025
1127 577
1514 567
757 1332
981 1259
854 153
1705 1376
1436 583
943 61
1484 274
1252 1659
364 1160
1279 904
501 1648
289 207
787 1369
417 522
717 1205
1280 1248
1004 1257
677 586
1678 1507
1528 1239
1435 1048
1291 959
1047 539
861 167
1541 407
1407 1129
1033 1400
402 1548
53 269
1155 985
1229 81
773 1676
482 1167
1625 408
507 1339
510 1054
1044 1726
278 1179
69 434
971 1112
1073 1090
410 1722
532 1121
1360 1211
